34
81.3
196.2
257.8
301.9
347.8
454.2
545.3
623.8
677.6
766
817.5
937.2
982.9
1065
1122.4
1169.3
1223.3
1254.6
1313.2
1381.5
1449.7
1473.3
1507.9
1538.7
1559.3
1632.7
1698.9
1735.2
1773.9
1799.9
1849.4
1896.5
1952.3
2050.5
2099.8
2144
2181
2361.4
2382.9
2440.5
2463.2
2554.8
2596.3
2651.4
2845.6
2864.8
2985
3010.5
3131.7
3204.2
3221.2
3248.4
3281.1
3386.1
3449.5
3546.1
3623.5
3677.7
3767.1
3798
3830.8
3887.9
3926.7
4004.5
4067.6
4103.5
4140.1
4186.3
4227.9
4375.1
4437.9
4461.7
4480
4529.6
4659
4708.9
4790.7
4821.8
4922.6
4961.8
