22.7
51.3
81.1
106.2
134
163.2
187.8
224.4
245.1
269.6
298.5
351.8
389
423.9
453.4
479
506.3
562.4
595.8
631.6
644.9
671.5
699.8
732.3
759.4
786.5
820.7
934.4
962.8
1031.8
1060.3
1089.9
1116.3
1141.6
1193.5
1239.8
1277.2
1307.8
1339.1
1371.4
1404.3
1448.6
1473.8
1511.2
1547.8
1580.8
1608.4
1635.2
1660.4
1684.3
1719.3
1769.4
1814.3
1858.8
1888.4
1919.2
1989.1
2021.4
2044.7
2076.6
2117.6
2130.5
2154.7
2185.8
2225
2316
2348.4
2395.9
2411.3
2503.7
2586.2
2602.4
2621.2
2674.3
2710.5
2741.1
2769.6
2802.3
2862.5
2896
2931.1
2999.1
3035.3
3060.9
3083.2
3106.8
3138
3171.2
3198.7
3243.6
3271.8
3296.7
3340.4
3377.5
3407
3432.7
3459.7
3482.9
3513.5
3539.1
3585.9
3617.4
3680.7
3730.2
3763.4
3783.6
3797.6
3848.2
3877.9
3904.7
3934.6
3991.1
4030.8
4066.8
4099.3
4163.4
4211.6
4236
4261.7
4285.8
4315.7
4351.6
4388.3
4419.6
4456.1
4489.2
4518.4
4556.5
4582
4605.4
4638.9
4685.7
4713
4782.4
4818.1
4849
4873.3
4901.3
4922.7
4946.9
4975.8
